-3.31912006e-01
1.98873923e+00
8.81297957e-01
1.73022944e+00
-1.99954248e+00
-1.48750221e+00
-7.90669729e-01
1.99616206e+00
-1.41297643e+00
-1.05564409e+00
-1.63064562e+00
-4.13677095e-01
-1.25495915e+00
-4.48357039e-01
-6.17757100e-01
6.78984161e-01
-4.12930125e-01
1.74215629e+00
1.55266928e-01
1.38524367e+00
-3.23221924e-01
-7.46905948e-01
7.40878003e-01
9.81926508e-02
-1.18219100e+00
-2.26188425e-01
1.51246975e+00
-1.08169112e+00
-1.89044962e+00
1.37655629e-01
6.81870030e-01
1.65584809e+00
-3.30780783e-01
-1.71180763e-01
2.34759309e-01
-2.77205720e-01
-1.43845225e+00
1.75651118e+00
-1.20759407e+00
1.11355694e+00
1.20297827e+00
8.63882043e-01
1.87304629e+00
1.21103001e+00
-7.46303261e-01
-1.62879676e+00
7.69290468e-01
7.26101929e-02
1.50555658e+00
1.46008098e+00
1.57842666e+00
1.31658764e+00
-1.65982317e+00
1.31841346e+00
-1.84378086e+00
-9.07800090e-01
-1.32067831e+00
-1.76302721e+00
1.51257002e+00
6.82112165e-01
-1.60661265e+00
3.72262067e-01
-3.15569517e-01
6.86616367e-01
1.83155813e+00
-3.52848484e-01
1.32661157e-01
-1.20979643e+00
7.67508451e-01
-8.41481425e-01
-7.37937464e-01
-1.43151947e+00
7.46003699e-01
1.13325789e+00
1.33850269e+00
-3.49844620e-01
-1.92684688e+00
-1.86331476e+00
1.00057725e+00
4.96119933e-01
1.95544435e+00
6.42542899e-01
9.92662612e-01
-8.06018806e-01
-8.78224031e-01
-2.15461997e-01
1.15711733e+00
-1.11150181e+00
-1.58709595e+00
-1.70654330e+00
-2.08425902e-01
-1.23045901e-01
1.63438202e+00
-1.61531096e+00
-8.25543427e-01
1.61348069e+00
-8.48898628e-01
-1.52203810e+00
-1.47988572e+00
9.91975321e-02
-1.92253217e+00
-1.66550798e+00
7.15342122e-01
1.66744534e+00
-1.15348756e+00
1.64179352e+00
-9.37813370e-01
-8.04279556e-01
-3.37073589e-02
3.37556495e-01
-1.78654982e+00
2.63648114e-01
2.96470427e-01
4.55753273e-01
-1.41308571e+00
1.82614264e+00
3.57222149e-01
-9.56084074e-01
7.99033446e-01
-1.07593831e+00
-1.59066228e+00
1.33793972e-01
-3.43776056e-01
1.79975253e+00
7.77600632e-01
-2.77616261e-02
-3.43282935e-01
1.62402034e-01
-1.80018616e+00
1.06194043e+00
1.43585634e-01
-1.81861710e+00
6.55178595e-01
-1.44013552e+00
5.95564302e-02
1.16961432e+00
1.77837903e+00
-1.88079456e+00
3.46220155e-01
1.53250189e+00
1.61360765e+00
1.63152766e-01
-1.45010119e+00
-2.08079268e-01
-1.44289463e+00
1.56854347e+00
1.22956516e+00
-4.89662619e-01
-4.09292664e-01
1.53698779e-01
-1.33858322e+00
6.09195513e-01
1.71003431e+00
-5.54955906e-01
-6.08936563e-01
2.84034248e-01
1.00324841e+00
5.51345915e-01
9.03991950e-01
-1.49474048e+00
1.53322437e+00
7.60818359e-01
4.94688825e-01
5.90997583e-01
1.00376975e+00
-5.84243633e-01
-6.04406646e-01
1.05293223e+00
-9.20288425e-01
-5.73873132e-01
1.58354486e+00
1.01115340e+00
-2.87635239e-01
1.52536732e+00
1.85936020e+00
-1.95332322e+00
6.53765993e-01
-7.56372232e-03
4.86782880e-01
-1.70483196e+00
-1.54101612e+00
1.14780590e+00
1.79795704e+00
-1.74373069e+00
-2.00351467e-01
-5.78758547e-01
3.13558429e-01
1.76734779e+00
-3.67452784e-01
-4.80786840e-01
-1.05189210e+00
1.05168027e+00
1.61351807e+00
1.08637998e+00
2.94717953e-01
-7.94557998e-01
-1.98851870e+00
1.09095657e+00
4.68579666e-01
-1.38828071e+00
-6.93420392e-01
3.14535728e-01
1.08232424e-01
-1.96396802e+00
1.54376838e+00
8.36170089e-01
-5.70920958e-01
-1.17436780e-01
1.63414058e+00
1.05837028e+00
4.93440468e-01
-1.30429259e-01
-1.93671504e+00
-9.23995801e-01
1.71774894e+00
1.32677036e+00
7.63587677e-01
2.05299755e-01
1.98929141e+00
-1.71967402e+00
-1.31063796e+00
-1.10099834e-01
-1.45145700e+00
9.71059308e-01
1.73038186e+00
-1.23217570e+00
7.87272651e-01
-1.42753970e-01
-1.73599931e+00
-1.07854878e+00
1.02185221e+00
3.29901502e-02
1.01550477e+00
-1.16572677e+00
1.69209816e+00
-1.80278302e+00
8.46099027e-01
7.54475016e-02
-1.50291615e+00
-1.31088657e+00
-1.92047947e+00
-4.14746847e-01
-1.89515605e+00
-1.57053877e+00
-1.88677404e+00
3.92411128e-02
-1.01515572e+00
-1.59145907e+00
1.44011180e+00
-8.45128669e-01
1.55324264e-01
-1.07296615e+00
2.11287893e-01
1.87067170e+00
1.36812357e+00
-8.86724629e-01
-1.50330673e+00
-1.06550989e+00
-8.83265277e-01
-1.63377424e+00
3.43037072e-01
2.80266631e-01
1.87838298e+00
-3.28293847e-01
2.44120879e-01
-5.28627038e-01
-1.92541084e+00
1.25197989e+00
1.20253069e+00
-8.40959993e-01
-1.06810291e+00
8.69566408e-01
1.22842077e+00
4.51792361e-01
-4.48557418e-01
-2.92360705e-01
1.45416741e+00
1.00749188e+00
9.88486558e-01
-2.88749459e-01
2.24960949e-01
-2.86470362e-01
-1.45417909e+00
-5.52382202e-01
-1.76032922e+00
-1.38664606e+00
-1.51462620e+00
1.74876130e+00
-1.82179250e+00
1.66563949e+00
-1.57002351e+00
1.12783385e+00
-1.09716265e+00
4.65315771e-01
8.51955937e-01
-1.85600226e+00
2.38867917e-01
6.17295086e-01
-1.94977607e+00
-1.48092155e+00
-1.71210287e+00
-8.22562112e-01
1.86910532e+00
-5.56740981e-01
2.72401851e-01
-9.01419387e-01
-1.18682704e+00
-1.70412401e+00
-9.90697013e-01
-1.39145137e+00
9.75303429e-01
-1.35352588e+00
-1.21828208e+00
1.75484679e+00
3.25435719e-01
-5.15464419e-01
1.88007996e+00
-1.79992766e+00
1.38731520e+00
9.63822229e-01
-1.04060895e+00
-8.05279029e-01
-2.49211472e-02
-1.18256750e+00
4.79822848e-01
1.92702654e+00
1.31592359e+00
1.57208485e+00
-1.37283442e+00
1.03739520e+00
-1.92569521e+00
6.04482261e-01
-1.71991142e+00
-1.84126599e+00
-5.46195740e-02
1.25550545e+00
4.25317838e-01
1.05029255e+00
2.75405751e-01
-1.78870120e-01
-7.30550379e-01
1.27305785e-01
1.95446462e+00
-1.56265575e+00
3.18980895e-01
-1.41586903e+00
-4.79435297e-01
3.51549545e-02
2.03792874e-01
-1.13739890e+00
9.81337722e-01
1.66577481e+00
6.76931573e-01
-1.51389941e-01
-9.40321767e-01
-1.47093090e+00
-1.73466067e+00
1.05696645e+00
-5.19663194e-01
-1.14906522e+00
5.18870034e-01
-1.70296626e+00
-1.15930395e+00
-1.61832302e+00
1.01102223e+00
-1.35117796e+00
-1.73385407e+00
-5.74145272e-01
-9.58739592e-01
-1.61876875e+00
1.21901826e+00
-1.42694797e+00
-1.22626288e+00
1.72405171e+00
5.57843527e-01
3.06336871e-01
9.86812264e-02
1.35858085e+00
1.69923187e+00
4.93168458e-01
-9.46812902e-01
-7.01929999e-01
-1.73615564e+00
9.12046561e-01
9.40263863e-01
9.09464993e-02
1.08871212e+00
9.47245849e-01
1.63126343e+00
-1.33837555e+00
1.72788827e+00
7.48233195e-01
-1.94419372e+00
-2.92756625e-01
-1.06255165e+00
9.14229587e-01
4.67113419e-01
1.02534156e+00
1.79606528e+00
-4.09554892e-01
1.80070448e+00
1.70080043e+00
2.26612759e-01
-1.18595873e+00
1.66242542e+00
-1.96798916e+00
5.66264827e-01
1.70540284e+00
-4.39969128e-01
-8.21953814e-01
-5.60373198e-02
-1.33219363e+00
4.17241958e-01
-1.90359350e+00
1.98191677e-01
-1.91993574e-01
1.70472571e+00
1.23335498e+00
1.67493374e+00
-5.26492584e-01
-4.20497544e-01
4.36827953e-01
1.85305014e+00
-1.86060910e+00
-1.30417734e+00
-5.81691065e-01
-1.49468192e+00
-1.68592012e+00
-1.45968338e+00
7.72740792e-01
2.26486791e-02
-1.94914933e+00
-1.91390077e+00
-1.61818877e-01
1.79188084e+00
1.84526903e+00
1.30846188e+00
-6.63259118e-01
-1.93992408e+00
-1.11666298e-01
-1.29521496e+00
-1.57843500e+00
-6.71745709e-01
1.23036392e-02
-1.47601262e+00
1.54275944e+00
1.23796276e+00
1.37509347e-01
-6.21053381e-01
-8.74092937e-01
1.76042995e+00
-5.81661254e-01
3.28056717e-01
1.58512099e+00
1.51532796e+00
-1.03404345e+00
1.37893778e+00
-1.90446363e+00
1.62156925e+00
1.86290722e+00
-1.60478947e-01
-2.80128414e-01
1.85387265e-01
-6.14845955e-01
1.19441435e+00
3.08270532e-01
-8.57124583e-01
-1.49389537e+00
-3.89859108e-02
1.80017323e+00
3.96441233e-01
-7.45556679e-01
-1.93786690e+00
1.81132450e+00
3.73925628e-01
-1.12642706e+00
-2.65294585e-01
-1.00519920e+00
1.22944210e+00
1.45520720e+00
-7.39020775e-01
-1.05892669e+00
1.57155482e+00
1.26040023e+00
3.11428867e-01
1.75588948e-01
-1.26395918e+00
-1.23495892e+00
1.15171694e+00
3.55359744e-01
4.48124724e-01
-1.80745282e+00
-1.78436290e+00
-1.93650808e+00
-3.19225278e-01
-1.80115594e+00
7.16275349e-01
-4.02338834e-01
1.67440711e+00
3.07615856e-01
-1.99839191e+00
1.47006982e+00
1.90703658e+00
1.14464895e+00
-4.93678733e-01
-9.81189011e-01
1.89513417e+00
-1.67098037e+00
4.18864403e-01
-1.36897601e+00
1.31538324e+00
-1.16202848e+00
2.98846032e-01
-3.30468826e-01
5.12304809e-01
-6.09239934e-01
-8.57694891e-01
7.99536121e-01
3.47333350e-01
7.90037983e-01
1.00008706e+00
-1.70110443e+00
1.43325535e+00
-1.85412119e+00
1.02032873e+00
1.15759937e+00
7.92228996e-01
1.60211419e+00
1.45791773e+00
-1.98134675e+00
-7.09275997e-01
-9.43186783e-01
6.83155164e-01
-1.30490781e-01
-1.96504260e-01
-5.60735224e-01
-4.71588997e-01
-1.03912947e+00
-3.56754588e-01
-1.90732508e+00
-3.94081658e-01
1.26672426e-01
-7.30464196e-01
-1.47922113e+00
4.87677475e-01
2.45835835e-01
-2.79010893e-01
-1.32867680e+00
1.89520833e+00
-3.15700973e-01
7.11203554e-01
7.38751632e-01
-1.20572045e+00
-9.04398700e-01
-2.93195953e-01
-1.96000109e+00
-6.26615042e-01
-1.12053481e+00
1.19055523e+00
-1.87217512e+00
1.51999315e+00
1.73948879e+00
1.61536780e+00
1.12836808e+00
6.50879259e-01
7.03759491e-02
-9.19166939e-01
-1.93414894e+00
-9.90533187e-01
-8.04799104e-01
1.41959178e+00
1.62878156e-01
1.10858580e-01
1.43953428e+00
1.20864434e+00
-1.25954279e+00
2.89954083e-01
-1.66581461e+00
9.32570126e-01
-1.82291081e+00
7.60465153e-02
-2.24768067e-01
1.08353566e+00
-1.92272499e+00
2.75431984e-01
-1.73187180e+00
-1.37160497e-01
1.24708605e+00
-6.29244368e-01
5.45162454e-01
-1.72716262e+00
1.09140172e+00
-4.88303293e-01
8.22728571e-01
-1.68149567e+00
-1.04715634e+00
1.93126847e+00
-1.82232823e+00
-1.27354858e+00
-8.75132434e-01
1.24743477e+00
1.46035855e+00
1.49984661e+00
-1.70750675e+00
7.53652992e-01
6.41327586e-01
2.77977645e-01
-1.25048568e+00
-1.35611426e+00
8.91462723e-02
-1.32479912e-01
1.61551705e+00
-6.19311800e-01
-9.93890502e-02
-1.09984019e+00
1.38808913e+00
3.70047455e-01
1.35511763e+00
-7.50920649e-01
-1.44287980e+00
1.66522221e+00
1.61218246e-01
1.63854210e+00
-1.31658739e-01
-9.71526809e-01
-1.12526839e+00
-1.55643479e+00
-2.36686712e-01
-1.22814907e+00
-7.88872680e-02
-1.66331790e-03
-6.66862778e-01
9.14342687e-01
-1.96434928e+00
-1.16722224e+00
2.18557231e-02
-1.00786576e+00
6.92589116e-01
1.40668751e+00
-1.77816271e+00
-3.36605109e-01
-1.36968149e+00
4.66740276e-01
4.20412945e-01
-1.06533545e+00
-7.23104832e-01
-1.59213096e+00
1.56206847e+00
6.34280462e-02
1.16149409e+00
-9.14360583e-02
-1.13000312e+00
-1.38931340e+00
-1.19916402e+00
4.87224910e-01
7.21760267e-01
1.76040480e-01
-1.37513267e+00
6.16549389e-01
4.14439719e-02
-1.42181784e+00
1.95225871e+00
1.00611128e+00
-1.42123237e+00
-1.11180344e+00
-1.80679995e+00
7.74072809e-02
1.59625600e+00
1.14118412e+00
8.61318330e-01
-1.91067829e+00
-7.58688647e-01
-7.02550150e-01
-4.28238930e-01
1.49168952e+00
-1.67686508e+00
1.37883844e+00
-5.91514754e-01
1.53762371e-01
-1.99594688e+00
1.46643308e+00
4.98521920e-01
1.79922396e+00
-1.19891438e+00
1.30562797e+00
5.00446359e-01
1.41646178e+00
-7.14192672e-01
-1.60502639e+00
-1.81072708e+00
6.05217332e-01
8.93459007e-01
8.14067954e-01
1.03700800e+00
4.40963266e-01
-3.74782796e-01
1.19846105e+00
8.17340111e-01
-1.86171511e+00
3.41436853e-01
1.08095492e+00
1.87825803e+00
9.26914399e-01
-7.84486289e-01
-9.61206430e-01
-7.44978474e-01
-9.71722807e-01
-1.09415354e+00
5.29213263e-01
6.89338238e-01
-6.18810152e-01
1.11568897e+00
1.18635471e+00
5.06468099e-02
-2.15415080e-01
4.61059732e-01
1.13099767e+00
-1.81735533e+00
1.96188712e+00
-2.15601978e-01
-7.99006650e-01
1.87205061e+00
-1.42797667e+00
-5.61758784e-01
1.60523374e+00
2.16128614e-01
1.66237508e-01
-3.54582369e-01
1.89896146e+00
1.86418625e+00
5.46417611e-01
-1.18776863e+00
1.97565208e+00
1.97130627e+00
1.84283223e-01
6.36799861e-01
1.05703721e-01
1.23630896e+00
-1.45828839e+00
-1.67396487e-01
-5.77179317e-01
1.54923221e+00
-1.89512573e+00
1.35737333e-01
-1.35841927e+00
3.09117787e-01
9.82548750e-01
1.66999319e+00
-1.87840123e+00
-7.43413898e-01
-5.33827611e-01
9.04553748e-01
1.44938501e+00
1.22094336e+00
7.70710882e-01
-7.97482934e-02
7.63768565e-01
-4.97025093e-02
-1.24545281e+00
1.36564025e+00
-2.32382887e-01
2.22110149e-01
3.26309639e-01
-9.20474835e-01
1.95900683e+00
-5.30291498e-02
-1.18437510e+00
-8.96616401e-01
-1.00906839e+00
-1.09843810e+00
-9.51307684e-01
5.87015657e-01
1.00068965e+00
1.68453432e+00
-1.72098671e-01
-1.19810096e+00
-1.77228226e+00
1.51941242e+00
3.40649597e-02
-1.36769187e-01
-1.15215935e+00
8.99920484e-01
1.19441698e+00
-7.88514717e-01
-8.10674462e-01
-4.39707963e-02
-1.88957594e+00
-1.18530269e+00
3.73729819e-01
-1.64553496e+00
1.37536173e+00
-1.33724144e+00
-4.75935501e-01
1.19861299e-02
9.99433246e-01
1.15032403e+00
4.45658965e-02
1.61440747e+00
1.63807234e-01
-1.12190364e+00
1.83773727e+00
9.52523872e-01
1.21584358e+00
-9.68788427e-01
-1.87070773e+00
2.56834981e-01
8.37549011e-01
-1.47028146e+00
-1.39994071e-01
-5.11649305e-01
1.79019579e+00
-1.66857815e+00
-1.11426906e+00
2.29048831e-02
-9.31711937e-01
7.77627409e-01
-1.67410413e+00
-1.72088371e-01
-2.85524678e-01
-5.54901151e-01
-1.56392495e+00
1.26403002e+00
5.35147059e-01
-1.81675392e+00
1.21185295e+00
-4.48688844e-01
7.87201983e-01
-1.65907287e-01
1.06484552e+00
9.42928471e-01
-6.30183537e-01
1.63854779e+00
1.38340594e+00
-8.90378137e-01
-2.84924902e-01
1.27107356e+00
1.29603946e+00
6.25263438e-01
5.05984635e-01
-1.95487873e+00
-1.42630781e+00
9.41414780e-01
-1.68645240e+00
4.13978590e-01
-1.92666944e+00
7.20076585e-01
-1.73310003e+00
3.35839153e-01
-1.65664747e-01
2.94083916e-01
-1.54663230e+00
-5.55930117e-01
-1.88886663e+00
1.83479962e+00
1.01944592e+00
1.94777125e+00
-4.20598087e-01
-4.51458290e-01
9.87753978e-01
1.34472002e+00
-1.90380721e-01
1.92856945e+00
-1.99653019e-01
3.41411942e-01
-8.77099745e-02
6.83728050e-01
-1.03984293e-01
-1.65497382e+00
1.21265334e+00
1.96580228e+00
-3.90429936e-01
1.11800075e+00
1.61874462e+00
1.97745918e+00
-1.85175583e+00
6.14759022e-01
1.09549738e+00
-1.85028824e+00
-1.49743449e+00
8.76357441e-01
4.74054274e-01
7.52464404e-01
-1.95854297e+00
4.35252355e-01
1.54509138e-01
-1.57515486e+00
-1.98792815e+00
-8.77260834e-01
1.80477514e+00
1.10485850e+00
1.62160814e+00
1.56066522e+00
1.18386776e+00
4.23972271e-02
1.66109727e+00
8.62831735e-01
-1.41776707e+00
-1.68888451e+00
-1.36907974e+00
4.61216928e-01
-1.24947332e+00
1.35121547e+00
4.89983594e-01
7.84021576e-01
1.62323799e+00
2.20237410e-01
1.95982071e+00
1.44475857e+00
8.44489814e-01
9.81286047e-01
9.27201658e-01
-9.41802750e-01
1.63717280e+00
1.99907647e+00
-3.96505082e-01
2.94927623e-01
-1.00059729e+00
5.56235896e-01
-1.30627933e+00
-4.12015626e-02
-1.52217181e+00
1.55749899e+00
1.25044233e+00
1.49804106e+00
-1.41283052e+00
1.39115992e+00
-9.42810087e-01
5.90895419e-01
1.27635670e+00
3.42314635e-01
-7.57650988e-01
-8.73668842e-01
1.92966978e+00
1.96661602e+00
-9.33445193e-01
1.19864477e+00
1.34613392e-01
6.54491782e-03
-7.42131978e-01
1.08926133e+00
1.64309134e+00
-1.50287984e+00
-5.33773429e-01
1.68407145e+00
-2.65630679e-01
-1.82065364e+00
4.91707902e-02
-1.08558076e+00
1.75554591e+00
1.36994540e+00
-1.87620398e+00
-7.77713544e-01
8.67514652e-01
-6.27137795e-02
1.56407580e+00
6.00214350e-01
-1.89085110e+00
-1.42422862e+00
8.82050032e-02
-7.76807040e-01
-6.96040772e-01
1.54768184e+00
1.43795728e+00
1.54736770e+00
2.34066189e-01
6.08666418e-02
7.60911494e-01
-9.31649798e-01
-1.88586001e-01
1.52137388e+00
5.13236164e-01
-8.06677062e-03
-8.39612577e-01
-6.66242943e-01
-1.96260569e+00
1.57878643e+00
3.07023748e-01
-1.18206781e+00
-7.54223150e-01
1.27841863e+00
6.90703932e-02
1.35535141e+00
1.66562340e+00
9.11841337e-02
-2.94100849e-01
-1.35224840e+00
-1.01041586e+00
1.79590806e+00
-5.14824941e-01
-1.76220370e+00
1.72744445e+00
1.54599794e+00
1.74747352e+00
2.97376890e-01
1.37731981e+00
-4.84612428e-01
1.68082606e+00
5.63621042e-01
-1.08839883e+00
-1.48877199e+00
-1.65007115e+00
-3.73188505e-01
-1.09076106e+00
-5.74359647e-01
-7.42493514e-01
-1.39537585e+00
-1.30093650e+00
1.42589225e+00
4.28376670e-01
-1.59196942e+00
-3.45654349e-01
1.81248402e+00
1.26540604e+00
-1.33274473e+00
-1.25947841e+00
-2.42382254e-01
8.07506124e-01
-1.35833445e+00
-1.03857753e+00
1.51708707e+00
2.96876349e-01
-8.61986214e-02
-6.04049618e-01
-4.03386408e-01
-1.77214239e+00
-8.98119250e-01
-1.08474531e+00
-1.79343506e+00
6.56410246e-01
-1.44514152e+00
-1.09996442e-02
1.11455362e+00
7.60639524e-02
-1.28778658e+00
-1.30111941e+00
3.33754124e-01
2.82863388e-01
1.71249529e+00
1.98701370e+00
-1.56934451e+00
1.26734045e+00
-1.89422724e-01
3.77490517e-01
-1.37603001e+00
1.90395628e+00
-7.83156698e-01
1.60625034e+00
1.05649578e+00
3.82431731e-01
5.07687795e-01
-1.87029470e+00
8.44381277e-01
-1.62569161e+00
-1.22615772e+00
-1.73851313e+00
-1.72627576e+00
-1.93067406e-01
1.51862398e+00
-4.98260669e-01
-7.20604356e-01
1.90140013e+00
4.17920023e-01
-1.32806684e+00
1.82084069e+00
1.89115036e+00
-3.36831539e-01
1.06989950e+00
-1.21643375e+00
1.29695137e+00
-1.33588608e+00
5.30463275e-01
4.99228318e-01
6.74931083e-01
-1.77482532e+00
-9.24706515e-02
-6.85788701e-01
-1.94745458e+00
1.92164733e+00
-5.87975664e-01
1.08638952e+00
-3.17127760e-02
-1.16267026e+00
9.20364830e-01
3.41128837e-01
-1.25486634e-01
-2.40847734e-01
-1.70380331e-01
4.54216694e-01
-1.44934904e+00
-7.20114250e-01
-1.95644506e+00
-1.55240097e+00
1.03311305e+00
-7.47941443e-01
-7.20188677e-01
1.97575153e+00
1.93753382e+00
-1.33690330e+00
-1.11906308e+00
-1.48319656e-01
-6.45167901e-01
5.42068647e-01
9.55845416e-02
-1.85164813e+00
1.01956584e+00
-9.86902904e-01
-1.44568885e-01
1.48085064e+00
-1.50070982e+00
-1.44147498e+00
-7.49994468e-01
-1.92771617e+00
1.80766759e-02
7.58855788e-01
6.95396006e-01
1.48431110e+00
1.08059982e+00
-5.77966885e-01
-1.47865687e+00
-4.12803560e-01
-1.90833950e+00
1.45164689e+00
7.63292667e-02
1.72902870e+00
1.23995484e+00
-1.96964398e-01
-1.94958494e+00
1.89996524e+00
6.89879370e-01
7.91748486e-01
7.47232895e-01
1.01444193e+00
-2.03012985e-01
3.11097420e-01
1.65915474e+00
-1.46157539e+00
5.77444329e-01
1.23079613e+00
-1.97904065e+00
-1.58132556e+00
-6.22862242e-02
-6.57954840e-01
1.43727124e+00
2.57457721e-01
1.32159827e+00
4.90354300e-01
5.96616775e-01
-1.67596193e-01
6.94793676e-01
1.25142098e+00
3.13998327e-01
-1.00695510e+00
-9.03520895e-01
-3.08937078e-01
2.42119938e-01
1.22244529e+00
6.86919131e-01
1.92492192e-01
-5.90281486e-01
-1.00989380e+00
1.42331349e+00
-1.95691283e+00
-1.21985004e+00
-1.01231806e+00
9.89283250e-01
-1.00052135e+00
-8.41589017e-01
4.63053434e-01
1.09519715e+00
-9.52265981e-01
-2.89050679e-01
9.71036125e-02
1.23079364e+00
-4.78978951e-01
-5.85860525e-01
-1.85564124e+00
-1.14522707e+00
1.37442596e+00
1.06913805e+00
-2.00134457e-01
-7.65432217e-01
1.90592393e+00
9.32980287e-01
-1.77021105e+00
9.77892612e-01
-1.34764231e+00
-1.11441320e+00
-1.26962285e+00
-1.14355144e+00
1.65170313e-01
-1.20420830e+00
-9.09204530e-01
-1.42992666e+00
-2.69269310e-02
-4.91669605e-01
9.35771965e-01
-1.89348845e+00
-1.26097832e+00
-1.55631853e+00
1.68278938e+00
6.98256101e-01
6.40251882e-01
1.19910615e+00
7.60301453e-01
-1.67788189e+00
-1.32765468e+00
-1.07319076e+00
7.43014346e-01
-1.16949736e+00
4.07217440e-01
1.66933424e+00
6.19844577e-01
8.45258079e-01
7.07761878e-02
2.15538459e-01
-1.72206192e+00
-7.81928058e-01
-1.04651586e-01
1.33941619e+00
-6.10248614e-02
-2.58776168e-01
4.71593785e-01
1.69382488e+00
-1.59711497e+00
8.24207226e-01
-1.88692199e+00
-8.78747534e-02
-1.72812543e+00
-1.49515958e+00
-4.96467144e-01
1.90417421e+00
1.09133773e+00
-1.36066541e+00
-3.71477434e-01
-1.18959151e+00
1.73981851e+00
-2.75272981e-01
1.30709109e-01
-3.83192383e-01
-2.14358582e-01
-1.41299408e+00
-6.84722959e-01
9.17275688e-01
-6.23739241e-01
-1.24501971e+00
-1.81014419e+00
5.75582571e-01
-2.05569935e-01
1.01722378e+00
1.61292444e+00
-1.15707044e+00
1.52571399e+00
4.03816996e-01
1.25182299e+00
9.95713472e-01
1.84091047e+00
5.52874840e-01
-7.73797509e-01
3.88509207e-01
1.71306781e+00
-8.18070839e-01
-1.82028874e+00
9.26425884e-01
-5.59469370e-01
1.78123378e+00
-1.69592968e+00
-2.97754456e-01
1.70170468e+00
1.12872726e+00
-6.47906473e-01
-1.77543584e+00
1.16392065e+00
1.34108641e+00
9.96489468e-01
-1.23099992e+00
-1.36678209e-01
-4.19612524e-01
-1.67069561e+00
-7.99675821e-01
-1.20013999e+00
-1.67958540e+00
-1.69532311e+00
1.61852401e+00
1.56985541e+00
-5.19383304e-01
8.83885419e-01
1.22789744e-01
-2.09251100e-01
-2.35349424e-02
3.05794545e-01
-1.47135543e+00
-1.19413333e+00
-1.17418377e+00
8.82071669e-01
-1.69524476e+00
1.38937613e+00
3.16867894e-02
2.74216871e-01
-9.53801809e-01
4.25767094e-01
-5.71753578e-01
1.60109181e+00
-1.56773870e+00
1.57326536e+00
1.15020734e+00
4.01519333e-01
-1.57366450e+00
1.13609929e+00
1.94283530e+00
1.15334638e+00
-1.29135536e+00
1.92303509e+00
2.89620448e-01
7.46252720e-01
-1.82061869e+00
1.67978891e+00
1.14846518e+00
-1.72241614e+00
-1.24157621e+00
1.25833289e-01
1.11615901e-01
3.36399299e-01
9.60310175e-01
-4.53469863e-01
-1.40027404e+00
-9.54958531e-01
2.04348699e-01
-2.02737614e-01
-1.13353117e+00
1.90365798e-01
1.03678419e+00
1.38369249e+00
8.91660770e-01
1.26318103e+00
-1.29380387e+00
-9.54943174e-01
1.44786623e+00
1.92822235e+00
-1.92089960e+00
1.71223055e+00
1.44094798e+00
-6.57310446e-01
2.35615226e-01
8.18248800e-01
-3.87118123e-01
5.96537833e-01
1.03498773e+00
-1.16483704e+00
8.67716013e-01
9.77885891e-01
1.94930468e+00
1.91087142e+00
-8.87659816e-01
-3.37583584e-01
-1.98482530e+00
-1.63376697e+00
1.73561045e+00
-9.54807350e-01
1.43158842e+00
-1.08458157e+00
9.15403496e-01
1.32576325e+00
6.67551272e-02
1.07256376e-01
8.27824980e-01
-1.86920197e+00
1.12211821e+00
1.04337280e+00
-5.00496229e-01
-3.06505778e-01
1.08129011e+00
-1.29196251e+00
1.00249728e+00
8.04955523e-01
4.52844856e-01
3.90391694e-01
-3.92536295e-01
-8.97664450e-01
7.89232098e-01
-1.75263968e+00
-1.98754856e+00
8.19537222e-01
1.09958659e+00
-5.67223350e-01
1.58566642e+00
8.92948920e-01
-1.04273716e+00
1.07898354e-01
-1.51693125e+00
-1.62023173e+00
-1.11886405e+00
-5.74184556e-01
-7.91613073e-01
1.63993405e+00
1.53211404e+00
-1.28533449e+00
1.72665721e-01
-1.23028979e+00
-8.53153405e-01
-1.19477115e+00
-1.44658123e+00
-1.51138370e+00
-8.39422157e-01
5.18685664e-01
4.55484332e-01
1.79982014e+00
-7.03445862e-01
-1.83961852e+00
-1.70559281e-01
-1.43067948e-01
-2.23531570e-01
-1.72118855e+00
1.31254145e+00
3.75375922e-01
-2.94607393e-01
3.94321849e-01
-6.17204704e-01
-5.98183138e-01
6.99886421e-01
-9.52032070e-01
-1.11407178e+00
-7.46705535e-01
-1.31016718e-01
1.61964037e+00
-7.40937253e-01
-3.80048398e-01
5.07422407e-01
8.25470218e-01
1.50944189e+00
2.02156963e-01
-2.09243994e-01
-1.99448247e-01
1.13782968e+00
-1.48014253e-01
-1.72137189e-01
-1.58680149e+00
6.24917301e-01
1.80012686e+00
-1.47263608e+00
-1.49801566e+00
-2.68073956e-01
-1.47514435e+00
1.63724796e+00
-1.35829045e+00
4.21915999e-01
1.48032686e+00
1.06709834e+00
1.94840658e+00
1.88024323e-02
1.75539738e+00
-7.77749997e-03
-4.71857769e-01
1.37159935e+00
-7.10103624e-02
-1.72877227e+00
6.79552011e-01
2.93089081e-01
1.25119086e+00
1.77105029e+00
1.67215628e+00
7.14402022e-02
-1.64936159e+00
-1.22213676e+00
-1.48594632e+00
1.39175755e+00
9.41854983e-01
-9.93443434e-01
1.85148459e+00
8.02904156e-01
2.68525423e-01
1.61043759e-01
1.78886130e+00
1.79534513e+00
1.42769646e+00
4.97346815e-01
8.13997265e-01
1.35191187e+00
-1.27953415e+00
-1.96826849e+00
4.77336735e-01
1.95736024e+00
2.32314173e-01
-1.68914171e+00
-1.74996347e+00
-7.11481958e-01
-2.43522177e-01
1.78460956e+00
1.43985826e+00
-1.96424358e+00
-1.95748824e+00
1.29092004e+00
-1.65936050e+00
1.44484656e+00
-2.85004866e-01
-2.40676735e-01
3.49858922e-01
-9.77019224e-01
1.43820708e+00
1.21075808e+00
4.58370971e-01
-8.85519944e-02
1.29674627e-01
-1.46264558e+00
1.34579471e+00
1.71139595e+00
9.76244997e-01
1.58387988e+00
-6.88530689e-01
-3.38194016e-02
-1.02123110e+00
1.42680998e+00
6.18183955e-01
-3.25687911e-01
4.35131142e-01
7.33859604e-01
-1.72772894e+00
-4.08037450e-01
-4.53605480e-01
2.29680818e-02
1.45536515e-01
-1.24179322e+00
1.57160357e+00
1.85995569e+00
1.75732514e+00
-8.23137245e-01
-1.12759925e+00
-1.58616176e+00
2.47327619e-01
-1.42273839e+00
-1.46338590e+00
-1.94363083e+00
8.35269200e-01
8.63782812e-01
-1.38714633e+00
2.57993281e-01
-1.98981386e+00
1.17831343e+00
-1.94398576e+00
2.83196988e-02
-1.12955561e+00
1.16728416e+00
1.61938310e+00
7.83056879e-01
-1.74691410e+00
1.11139392e+00
-8.30803614e-01
-3.74068504e-01
-1.41989515e+00
5.91082514e-01
6.06180524e-01
-1.28082280e+00
-1.42517330e+00
-7.12720139e-01
-7.56129328e-01
-1.30958152e+00
1.81912656e+00
-3.65451122e-01
1.67001944e+00
-1.03432501e+00
1.39418922e+00
-3.72312011e-01
1.01087080e-01
1.90088939e+00
-1.61290392e+00
-7.18722680e-01
-1.41470092e+00
1.92996377e+00
-3.39586082e-01
5.45224509e-01
9.94886775e-02
-4.99635917e-01
-8.71852168e-01
1.42993799e+00
-9.51126321e-01
4.78346963e-01
-1.72087478e-01
-9.91867682e-01
-4.15987141e-01
1.17142271e+00
9.19829989e-01
-2.68245949e-01
-1.97596988e+00
-5.69955342e-01
4.54878695e-01
-6.78892236e-01
-1.87521364e+00
7.89475504e-01
-1.74915926e+00
-9.25399492e-01
-9.69551094e-01
1.23311206e+00
3.67555975e-01
-8.18844819e-01
-1.64717320e+00
1.76485530e-01
1.44417257e+00
-4.83140117e-02
-1.71014045e+00
1.42142567e+00
-6.84875524e-01
1.55354573e+00
1.24227905e+00
-1.26246225e+00
1.73259441e+00
3.41393838e-01
-1.01202659e+00
1.59282019e+00
2.18222423e-01
-2.15531117e-01
2.41918031e-01
1.68747322e+00
-9.10094129e-02
-8.84036428e-01
-2.00673926e-01
4.35324674e-01
1.74345398e+00
7.29814830e-01
-4.39706477e-01
-1.08717706e+00
-1.81249678e+00
-1.94492993e+00
-9.77167097e-01
-3.33104159e-01
-2.69790692e-01
1.75392756e+00
-8.23389816e-01
-6.27887564e-01
1.66286541e-01
1.11897717e+00
1.04254091e+00
-1.30105475e+00
1.62716754e+00
-6.32188659e-01
1.08668437e+00
-1.42160910e+00
2.59470436e-01
8.67083258e-01
-1.31425261e+00
7.97230502e-01
-2.97338545e-01
7.53989266e-01
9.96790016e-01
-9.86415855e-01
-1.86815681e+00
7.69440498e-01
-7.16095539e-02
-1.09080984e+00
8.69031744e-02
-3.01403538e-01
1.50052101e-01
-5.12311512e-01
-1.34729374e+00
-5.78768365e-01
5.52310443e-01
-1.76938076e+00
-1.05520245e+00
5.26586509e-01
-1.37275922e+00
8.29266402e-01
-4.45534292e-01
4.54354770e-01
1.06267901e-02
5.93251045e-01
-1.33746966e+00
-1.32023713e+00
2.27750587e-01
-1.40221282e+00
1.24178779e+00
5.67001766e-02
-1.45461955e+00
1.50133089e+00
1.10140785e+00
-1.26418625e+00
1.92899583e+00
-1.48643531e-01
1.77017979e+00
-2.84270651e-01
-6.43077319e-01
-1.08432574e-02
7.72348335e-01
-1.35395694e+00
6.48647922e-01
-6.30237442e-01
1.31191047e+00
-9.52478384e-01
1.38598546e+00
1.37810776e+00
2.20182640e-01
1.20132897e+00
6.92984958e-01
-2.93443354e-01
-5.66937122e-03
4.28061860e-01
-1.96808845e+00
-1.41813756e+00
8.48262104e-01
3.84531906e-02
3.39050563e-02
-8.12211656e-01
-1.23784230e+00
1.43860381e+00
1.44436669e+00
6.86393509e-01
1.25493697e+00
5.33896036e-01
8.84898691e-01
-1.50099479e+00
-1.75867407e+00
-1.17648476e-01
-1.95728711e+00
1.94629110e+00
1.93118411e+00
1.79319670e+00
4.33238490e-01
5.80342563e-01
-1.99527171e+00
-1.39310050e+00
-1.15981934e-01
5.56507400e-01
1.55941471e-01
2.62648443e-01
2.45305005e-01
-1.25336662e-01
1.68844034e+00
-2.87850119e-01
6.03602378e-01
3.97079049e-01
-1.74585619e+00
1.39987957e+00
-7.79895281e-01
1.00448417e+00
-3.31291240e-02
3.17442161e-01
-3.53811697e-01
1.69881674e+00
-7.28539012e-01
-1.74104008e+00
-4.68707196e-02
1.96538605e+00
-1.74913768e+00
-1.78802182e+00
-1.54681352e+00
-1.20201783e+00
1.79534753e+00
-3.08989353e-01
1.00754287e+00
-1.56996448e+00
-1.59437390e+00
4.94681645e-01
3.39751028e-01
-1.80802976e+00
1.63013381e+00
-8.61504487e-01
5.73176546e-01
-1.75585328e+00
6.58171000e-01
8.14077346e-01
-1.09998511e+00
6.73824691e-01
-1.67420995e+00
-4.85677629e-01
-1.63604811e+00
-1.24722295e+00
-1.98462473e+00
9.88019312e-01
1.82971074e+00
-6.38482821e-01
-1.74083037e+00
1.18120466e+00
1.05973219e+00
-4.83962512e-02
1.83019324e-01
1.02677775e-01
-7.56391324e-04
-1.88603660e+00
-1.64980752e+00
5.76928108e-01
-1.94794204e+00
-5.97373969e-01
-1.74051206e+00
-1.08317987e+00
-1.96272375e+00
-2.64466495e-01
1.88841484e+00
-4.70130153e-01
-1.40464140e+00
-1.20843857e-01
3.98768818e-01
1.91793343e+00
-3.52668305e-01
-5.42487722e-01
9.51392068e-01
1.09764052e+00
5.46161154e-01
2.11070362e-01
1.68378885e+00
1.55652435e+00
6.96687582e-01
-5.80188588e-01
-1.08632904e+00
-1.01792526e+00
-2.55233368e-01
1.64407695e+00
4.41831537e-02
-1.82586295e+00
1.88688010e+00
1.80301373e+00
-1.98976331e+00
2.25627683e-01
-1.74064321e+00
-4.94547145e-01
1.38605030e+00
1.98020926e+00
1.78191657e+00
-1.76654941e+00
1.06401234e+00
6.68254485e-02
6.04638048e-01
-1.87561170e+00
1.26035281e+00
2.84702973e-01
-1.99081267e+00
-1.27812595e+00
-9.88512050e-01
5.23836805e-01
-6.78925568e-01
1.92369472e+00
-1.59739301e+00
1.49961021e+00
5.80517699e-01
-1.92655022e-01
1.30124230e+00
8.33843491e-01
-5.79021053e-01
1.10987500e+00
-1.13428777e+00
-2.06276653e-02
-9.80142560e-02
1.14133978e-01
-1.10582755e+00
-1.39686239e+00
-5.30549630e-01
-5.22400298e-01
9.55996276e-01
-1.43111499e+00
-1.57030171e-01
9.07575031e-01
-1.71480157e+00
-9.19480165e-02
-6.59406014e-01
-2.04484670e-01
4.40260331e-01
1.54399187e+00
8.09691878e-01
1.10475065e-01
1.47922835e+00
-3.63636648e-01
-1.97795669e+00
-9.24431896e-01
-8.05172538e-01
-1.71195186e+00
9.96570516e-01
-3.27455469e-01
1.45326424e+00
-1.89698607e+00
1.58679840e+00
-8.35384221e-01
-4.03224156e-01
1.40380524e-02
-2.47018386e-01
1.86373226e+00
-4.51906362e-01
-1.56246834e+00
-1.09967249e+00
6.92164234e-01
-1.40928069e+00
-2.70513818e-04
-1.98965005e+00
1.10839291e+00
1.06487472e+00
-1.42557202e+00
1.91830884e+00
-1.66718947e+00
1.30413299e+00
-4.03125563e-01
-1.25706005e+00
1.18784900e+00
1.05002279e+00
-1.23329704e+00
-1.24317338e+00
1.07110878e+00
-6.39093740e-01
-8.38808002e-01
4.34378547e-01
-1.13243407e+00
7.59181309e-01
-1.93313763e+00
-4.47610297e-01
-4.05363763e-01
-9.22409873e-01
-4.75674062e-01
1.77703588e+00
6.37379749e-01
-7.82212679e-01
-1.71632639e+00
3.38118017e-01
-1.38958405e+00
-3.01779299e-01
-1.93369646e+00
-6.29770238e-01
-1.54481457e+00
-3.31803620e-01
6.07157093e-01
1.04335700e+00
-3.89372592e-01
1.45019808e+00
-7.15894742e-01
6.30054213e-02
2.31647978e-01
-8.34607082e-01
1.97384187e+00
-1.13964121e+00
1.33794603e+00
1.83256039e+00
7.98492725e-01
1.99120697e+00
1.67303435e+00
1.99161232e-01
-1.84108519e+00
9.89528263e-01
-1.71866624e+00
9.44225839e-01
-1.03974833e-01
-8.00376615e-01
-6.03330355e-01
1.43494676e+00
1.74900826e+00
-6.31218966e-01
-4.17401623e-02
1.17325124e+00
1.58596442e-01
-1.04194445e-01
1.58104147e+00
-9.72425922e-01
-2.13459793e-01
-1.61747348e+00
1.50813758e+00
-1.57706311e+00
-9.85673010e-01
-9.48298403e-01
-9.04761193e-01
-4.14186036e-01
-6.86554444e-01
9.61912278e-01
1.90257087e-01
-7.28275823e-01
-1.11948531e+00
-1.77838523e-02
6.85716677e-01
1.42180725e+00
-1.42882689e+00
1.96592078e+00
-1.62359888e+00
-1.80992819e+00
1.48076699e+00
-1.59984633e+00
-1.05252518e+00
-1.09709653e+00
-4.55983967e-01
-5.66641046e-01
2.86168384e-01
-1.43216228e+00
1.03207857e-01
1.13924229e+00
-1.69590448e+00
-5.10138006e-01
1.49650374e+00
-1.75263325e+00
1.80454248e+00
8.96127259e-01
1.25002922e+00
-6.01082522e-01
-8.64792665e-01
-4.47981292e-02
1.11387191e-01
8.28127012e-01
-6.42333098e-01
1.71386331e-01
2.18669263e-01
-1.00083787e+00
1.89761386e+00
1.01128735e+00
-7.53188332e-01
-2.91149450e-01
6.75186405e-01
1.76431569e+00
-6.96131184e-01
1.87006833e+00
1.09790909e+00
-1.87121760e+00
-6.96760121e-01
-8.56791371e-02
1.55930937e+00
-1.67461240e+00
1.00683089e+00
-3.12631715e-01
1.05052839e+00
-1.39791238e+00
-1.22083900e-01
2.27841425e-01
-1.15694200e+00
6.57600108e-01
-1.83409969e+00
1.79750758e+00
-7.12684808e-01
-6.52109251e-01
-1.85154933e+00
3.36408019e-02
7.75421637e-01
1.50044076e+00
6.81400142e-01
-9.95200100e-01
-2.78112869e-01
5.92560641e-01
1.07115591e+00
-1.34110898e+00
1.44033996e-01
-5.89423221e-01
-1.84056032e+00
1.16502855e+00
-1.46082751e+00
-1.82912662e+00
-1.22633440e+00
5.34895133e-01
-6.57344798e-01
1.05665220e+00
-1.79074822e+00
1.26329534e+00
4.20467120e-01
-1.86264534e-01
4.82440963e-02
8.46423417e-01
4.69844058e-01
-1.35390645e+00
-2.70577619e-01
4.69435833e-01
1.39080186e+00
1.48546028e+00
-1.83763779e-01
1.52833572e+00
-1.93838591e+00
-2.81301350e-01
1.49227261e+00
-9.05054295e-01
6.24806179e-01
1.39318596e+00
1.29201218e+00
-9.88282278e-01
1.80710278e+00
-1.66148399e+00
-1.79635046e+00
-2.29194985e-01
-1.05971256e+00
6.00830698e-02
-1.74662623e+00
-1.74237440e+00
-3.13368442e-01
-1.73765969e-01
1.45531658e+00
-8.42454771e-01
-1.67350408e+00
4.13108980e-02
-1.07552198e-01
-3.76057330e-01
-1.49782758e+00
1.85832561e+00
1.09154239e+00
1.07129696e-01
1.36568862e+00
-1.30400851e+00
-1.82683624e+00
-5.34661359e-01
-5.42370379e-02
-5.80152350e-01
-1.04235581e+00
-3.90890698e-01
1.80989512e+00
1.83374905e+00
1.77557048e+00
1.90836320e+00
4.55736000e-01
1.76808458e+00
1.89394957e+00
8.22484531e-01
-6.20554613e-01
-1.88551085e+00
1.59140287e+00
-3.65897121e-01
-2.61620106e-01
1.72444229e+00
-1.05674145e+00
1.30833477e+00
1.76331186e+00
6.39037767e-01
7.36872209e-01
-9.61772117e-01
-1.74035366e+00
2.03842092e-02
1.48169942e+00
7.10068950e-01
8.05521163e-01
4.38633368e-01
4.19707504e-01
-1.29892090e-02
9.29499620e-01
-1.95168475e+00
-9.86243840e-01
-1.16735931e-01
4.01955822e-01
-9.35828116e-01
1.25847671e+00
7.76638230e-01
-1.78354535e+00
1.69804092e-01
-1.47795732e+00
1.14764400e+00
1.36978323e+00
3.01878479e-01
4.73383462e-01
7.97494745e-01
1.25151230e-01
1.34744882e+00
-1.00683708e+00
