-0.331912
1.98874
0.881298
1.73023
-1.99954
-1.4875
-0.79067
1.99616
-1.41298
-1.05564
-1.63065
-0.413677
-1.25496
-0.448357
-0.617757
0.678984
-0.41293
1.74216
0.155267
1.38524
-0.323222
-0.746906
0.740878
0.0981927
-1.18219
-0.226188
1.51247
-1.08169
-1.89045
0.137656
0.68187
1.65585
-0.330781
-0.171181
0.234759
-0.277206
-1.43845
1.75651
-1.20759
1.11356
1.20298
0.863882
1.87305
1.21103
-0.746303
-1.6288
0.76929
0.0726102
1.50556
1.46008
1.57843
1.31659
-1.65982
1.31841
-1.84378
-0.9078
-1.32068
-1.76303
1.51257
0.682112
-1.60661
0.372262
-0.31557
0.686616
1.83156
-0.352848
0.132661
-1.2098
0.767508
-0.841481
-0.737937
-1.43152
0.746004
1.13326
1.3385
-0.349845
-1.92685
-1.86331
1.00058
0.49612
1.95544
0.642543
0.992663
-0.806019
-0.878224
-0.215462
1.15712
-1.1115
-1.5871
-1.70654
-0.208426
-0.123046
1.63438
-1.61531
-0.825543
1.61348
-0.848899
-1.52204
-1.47989
0.0991975
-1.92253
-1.66551
0.715342
1.66745
-1.15349
1.64179
-0.937813
-0.80428
-0.0337074
0.337556
-1.78655
0.263648
0.29647
0.455753
-1.41309
1.82614
0.357222
-0.956084
0.799033
