-0.331912
1.98874
0.881298
1.73023
-1.99954
-1.48441
-0.79067
1.99616
-1.41298
-1.05564
-1.6379
-0.413677
-1.25496
-0.448357
-0.63098
0.678984
-0.473477
1.73253
0.155267
1.38524
-0.323222
-0.604961
0.740878
0.0752365
-1.18219
-0.217367
1.51247
-1.08169
-1.89045
0.137198
0.558688
1.65585
-0.332044
-0.197258
0.227466
-0.304498
-1.4341
1.75651
-1.2418
1.11481
1.26456
0.863882
1.87305
1.21103
-0.746303
-1.6288
0.768389
0.0267413
1.4978
1.46008
1.79799
1.31659
-1.54689
1.3197
-2.04739
-0.900385
-1.31568
-1.78587
1.60503
0.904686
-1.61081
0.47283
-0.315566
0.595773
1.88536
-0.726478
-0.138733
-1.17034
0.776645
-0.841481
-0.762272
-1.76455
0.786405
1.22655
1.23516
-0.437071
-1.92685
-1.7108
1.00058
0.485139
1.83075
0.632399
1.04913
-0.806025
-0.956826
-0.324864
1.15712
-1.1115
-1.5684
-1.70464
-0.106652
-0.0795716
1.60374
-1.60421
-0.825543
1.48703
-0.778956
-1.52204
-1.48703
0.0994077
-1.93084
-1.66551
0.715342
1.66745
-1.1187
1.64296
-0.93333
-0.80428
-0.0337074
0.340242
-1.6018
0.263648
0.29647
0.482275
-1.41309
1.9603
0.357222
-0.956084
0.799033
-1.07594
-1.59145
0.133794
-0.343776
1.79975
0.777601
-0.0277616
-0.343283
0.162402
-1.80019
1.06194
0.143586
-1.81862
0.655179
-1.44447
0.0595564
1.16961
1.77838
-1.88079
0.34622
1.53237
1.61423
0.163153
-1.4501
-0.208081
-1.44289
1.56854
1.22957
-0.489663
-0.409293
0.153699
-1.33858
0.609196
1.71003
-0.554956
-0.609217
0.284034
0.992691
0.551346
0.903986
-1.49494
1.46598
0.760818
0.494689
0.598261
1.00853
-0.52505
-0.604464
1.05293
-0.924466
-0.573857
1.58354
0.990578
-0.287635
1.52542
1.85936
-2.0902
2.01148
-0.00756372
0.517634
-1.65471
-1.51169
1.13422
1.84135
-1.74115
-0.240339
-0.69405
0.334316
1.76735
-0.387561
-0.520784
-1.04879
0.893739
1.56637
1.08634
0.294739
-0.807538
-1.9376
1.08882
0.4648
-1.10495
-0.150053
0.314536
0.111304
-1.74427
1.66438
0.132071
-0.469256
0.48751
1.5228
0.960918
0.341431
-0.172344
-1.93737
-1.11381
1.61006
1.75454
0.706783
0.191322
1.95819
-1.71965
-1.32434
0.00999263
-1.53918
1.24186
1.82795
-1.43217
0.787273
-0.0948419
-1.50187
-1.24052
1.11316
0.0204601
0.784859
-0.782796
1.77361
-1.25396
1.03051
0.988738
-1.54591
-0.823071
-1.87277
-0.647463
-1.93785
-1.67655
-1.88674
0.272791
-1.59101
-1.78659
1.83149
-1.33528
0.0321532
-1.07297
0.323638
2.0277
1.19753
-0.780962
-1.55734
-1.02861
-0.881971
-1.99043
0.303661
0.282111
1.87838
-0.261694
0.279632
-0.55824
-1.63663
1.20871
1.44967
-0.840944
-1.17408
0.865848
1.22842
0.628346
-0.473246
-0.305649
1.45417
0.991573
1.01796
-0.239824
0.207466
-0.388507
-1.47988
-0.713962
-1.803
-1.33692
-1.47871
1.74876
-1.79619
1.66511
-1.27604
0.919465
-1.09716
0.375092
0.851956
-1.85677
0.238868
0.617295
-2.25397
-1.48081
-1.7121
-0.822562
1.86911
-0.556908
0.272405
-0.901419
-1.18683
-1.70412
-1.05783
-1.39145
0.975303
-1.35347
-1.21828
1.75485
0.323401
-0.505806
1.88008
-1.79993
1.38729
0.963822
-1.04014
-0.805278
-0.0249211
-1.18131
0.479823
1.88416
1.31592
1.57208
-1.37211
0.973447
-1.94952
0.638885
-1.72996
-1.84777
-0.00681204
1.0581
0.425388
1.05029
0.312287
-0.177349
-0.433501
0.101821
1.95446
-1.55479
0.318997
-1.58376
-0.311371
0.035155
0.244902
-1.15261
0.681693
1.66577
0.676932
-0.150993
-1.12678
-1.1453
-1.06776
1.2398
-0.519574
-1.05237
0.906829
-1.64626
-1.1593
-1.33502
1.15382
-0.801078
-1.43765
-0.574145
-0.792611
-1.61877
0.702002
-1.31643
-1.2302
1.75612
0.611938
0.0647543
4.17181
1.35858
1.8095
2.20862
-0.328707
-0.189649
-1.87807
0.717073
1.13517
1.29312
1.0713
1.13598
1.90288
-1.17845
2.42015
1.31508
-1.73657
0.0124275
-1.04068
0.188163
0.592583
0.924626
2.18678
-0.180486
2.14357
7.81049
0.090865
-1.06704
1.55071
-2.74073
1.22581
1.66116
-0.435346
-0.33342
0.0590131
-0.174058
1.44829
-2.22498
-0.181127
-0.41698
1.55762
1.36811
1.71362
-0.453456
-0.266056
-0.0422524
3.28278
-2.29429
-0.907769
-0.324427
4.44796
-1.40983
-1.44929
0.818682
0.141279
-1.64486
-2.28985
0.0743968
2.05575
3.25473
1.89508
-0.692057
-2.34252
-0.448658
-0.743545
-1.20534
-1.1144
-0.0223212
-1.4883
0.964178
1.29754
0.226605
0.451228
-1.08583
1.87179
1.4549
0.225841
1.56983
1.57236
-1.04881
1.44115
-1.81749
1.44225
2.02174
-0.0321511
0.400593
0.185778
-0.700751
1.42809
0.307982
-0.831782
-1.4939
0.20394
1.78177
0.269459
-0.602252
-1.75023
1.85273
0.262306
-1.2867
-0.265295
-1.0052
1.21745
1.49706
-0.68595
-1.00059
1.53002
1.29046
0.114466
0.180236
-0.650544
-1.23493
1.2465
0.331413
0.103626
-1.97544
-1.78436
-1.93073
-0.333524
-1.77604
0.716275
-0.540227
1.67668
0.307616
-2.24365
1.47007
1.90704
1.12802
-0.555927
-0.974161
1.89513
-1.62163
0.519801
-1.26056
1.22805
-0.532865
0.298882
-0.00906447
0.411735
-0.694609
-0.868205
0.799536
0.219443
0.773683
1.2649
-1.7011
1.31468
-1.89224
1.02033
0.695494
0.792229
3.55047
1.44846
-1.647
-1.02973
-1.01352
0.660751
-0.032593
-0.450656
-0.78032
0.138756
-0.802831
-0.40226
-1.82197
-0.626804
0.618143
-2.76576
-1.2256
0.275693
0.173634
0.505725
-1.33858
2.03472
-0.0697925
2.23592
1.4176
4.93293
-1.99381
-0.0131562
-1.7216
-0.124924
-0.519211
1.0876
-3.07297
1.67434
2.45463
1.64494
2.30402
0.21846
0.711096
-1.02028
-3.52024
-0.862771
-1.08393
1.93628
1.06814
0.00489242
2.38344
2.53668
-1.29399
0.280293
1.46017
-1.87584
-1.56892
2.01568
2.07445
0.148138
-2.34539
1.31348
-2.47979
2.04487
2.33887
-0.507721
0.289968
-3.0651
2.99169
-1.91321
3.09757
-1.61174
-2.40863
2.24193
0.84963
-1.33562
2.11347
1.67872
1.46135
7.25322
-1.82419
2.13337
0.550097
0.417592
-1.24286
-1.25372
0.357571
0.461995
1.72989
0.264804
0.201076
-2.03492
1.20561
0.658505
0.325291
0.73636
-1.4449
1.43407
0.871718
1.91172
-0.139575
2.14007
-1.46374
-1.55643
-0.192048
-1.43408
-0.672588
0.116853
-0.218857
0.629958
-1.76602
-1.08969
-0.0229291
-1.02636
0.692589
0.755125
-1.79612
-0.139471
-1.00685
-0.763015
0.913484
-1.06534
-0.121237
-0.5774
1.55873
-0.0963774
1.15851
-0.372985
-1.13
-1.34576
-1.19908
0.17663
0.664389
0.180367
-1.28541
0.616446
-0.056449
-1.06359
1.94561
1.00611
-1.44789
-1.11108
-1.57054
0.0593522
0.301067
1.14232
0.861316
-1.82602
-0.643853
-0.698539
-0.355295
1.49169
-1.5795
1.37884
-0.591515
0.153762
-1.61253
1.4472
0.498496
1.86435
-1.18586
1.14226
0.399973
1.41646
-0.714193
-1.60741
-1.80967
0.562376
0.88456
0.814068
1.03701
0.440963
-0.38331
1.19846
0.816338
-1.77119
0.341437
1.33628
1.87826
0.912901
-0.783681
-0.878998
-1.16021
-1.00672
-1.70144
0.505401
0.218944
-0.831044
1.10999
1.18635
-0.180023
-0.328832
0.500509
1.27192
-1.81736
1.96014
-0.2156
-0.664595
1.86701
-1.44508
-0.523794
1.52385
0.287909
5.9365
-0.108205
2.26556
2.09534
0.10052
-0.86976
2.14993
2.36801
-0.421364
0.908362
0.130976
1.24061
-1.40384
-0.344138
1.74209
1.5659
-1.60014
0.805321
-1.31725
0.322577
0.998611
1.68033
-1.98188
-0.381306
0.601312
8.71138
1.73243
0.511193
0.108284
0.241773
1.30207
0.681825
-1.66542
-0.245435
-1.11058
0.301469
1.30401
-1.22433
1.84162
3.19492
-0.692077
-1.23207
-0.9847
-1.01482
-1.53617
0.055646
0.541852
1.71504
-0.449322
-0.89207
4.1677
1.52051
0.0759771
0.546491
-1.78919
1.47543
2.60249
-0.804136
0.0134261
0.25667
-1.53577
0.725956
-0.169277
-2.27939
1.63315
-1.08324
-0.421686
0.274039
0.728258
1.22247
0.167304
1.61295
1.14482
-1.67175
1.99079
1.29195
1.21584
-0.956629
-1.67184
0.189782
1.0239
-0.964271
-0.140864
-0.290645
1.7179
-1.6114
-0.84848
0.146054
-1.1903
0.426667
-1.73888
-0.172088
-0.238742
-0.552454
-1.62803
1.26377
0.535147
-1.64224
1.26655
-0.403102
0.787202
-0.165907
1.06437
0.921472
-0.656316
1.63855
1.55837
-0.890378
-0.280879
1.27481
1.30083
0.625263
0.521226
-1.95488
-1.38573
0.922544
-1.68645
0.585204
-1.92667
0.508971
-1.7331
0.335839
-0.252358
0.294084
-1.55194
-0.55593
-1.89111
1.8348
1.01945
1.92402
-0.420059
-0.462749
0.998652
1.36427
-0.292283
1.92857
-0.199653
0.341412
-0.087802
0.668271
-0.103984
-1.65497
1.21265
1.9658
-0.392931
1.118
1.61874
1.97531
-1.85162
0.452421
1.0955
-1.7544
-1.4827
0.875595
0.469809
0.742299
-1.80863
0.752
0.297495
-1.833
-1.98793
-0.877261
1.7783
1.1033
1.77049
1.56114
1.18387
0.0423824
1.6611
0.772049
-1.41777
-1.68475
-1.35736
0.393702
-1.66726
1.35122
0.489932
0.79798
1.4861
-0.0296863
1.94153
1.64302
0.760214
0.891437
1.36186
-0.820682
1.63725
1.94276
-0.281045
0.373416
-0.86142
0.673735
-1.06495
-0.0411779
-1.59377
1.63867
1.25044
1.71017
-2.0274
1.4573
-0.94281
0.442936
1.25115
-0.386455
-1.11162
-0.936326
2.00635
1.62236
-0.609833
0.898833
0.137499
0.036113
-0.750405
1.4423
1.20423
-1.19934
-0.546202
1.54079
-0.265336
-1.88251
-1.13274
-1.25005
1.18534
1.41705
-1.91469
0.919423
0.867515
-0.0626619
1.68892
-0.104649
-1.86134
-1.59814
0.100764
-0.352047
-1.00649
1.62119
1.43796
1.2178
-0.124234
-0.0197092
0.783956
-0.996274
-0.214356
1.52333
0.756987
8.23581e-05
-0.830783
-0.692425
-1.74137
1.57879
7.435
-1.18206
-0.754181
1.27774
0.103891
1.34027
1.646
0.0827203
-0.154363
-1.44507
-1.07679
1.79591
-0.404703
-1.75701
1.71499
1.4276
1.63915
0.240263
1.37738
-0.518343
1.63614
0.563621
-1.10478
-1.542
-1.65007
-0.373189
-1.09076
-0.57436
-0.742494
-1.39538
-1.31149
1.42589
0.42837
-1.59197
-0.41007
1.81248
1.26541
-1.33274
-1.25948
-0.185063
0.807449
-1.35833
-1.04276
1.5171
0.296876
-0.106774
-0.60405
-0.403386
-1.77214
-0.921798
-1.08475
-1.73459
0.65641
-1.44514
-0.0268332
1.11455
0.0708845
-1.41299
-1.23596
0.247836
0.282863
1.7126
1.98701
-1.56934
1.26734
-0.107658
0.377491
-1.37603
1.90396
-0.809896
1.60625
1.0565
0.380996
0.507688
-1.86607
0.844381
-1.62569
-1.22557
-1.73877
-1.72595
-0.19307
1.51861
-0.824619
-0.720604
1.94845
0.41792
-1.32782
1.77427
1.87323
-0.360331
1.2736
-1.21643
1.29695
-1.33588
0.525896
0.63707
0.681139
-1.78723
-0.179993
-0.752056
-1.94745
1.92165
-0.587602
1.07064
-0.031878
-1.16267
0.868354
0.311818
-0.446736
-0.31355
-0.166033
0.454291
-1.47825
-0.734176
-2.00969
-1.52761
1.03311
-0.747941
-0.720188
2.02729
2.16338
-1.33695
-1.61845
-0.203606
-0.720303
0.542069
0.153419
-1.85152
0.835088
-1.01646
-0.168564
1.50203
-1.46065
-1.47019
-0.852837
-1.85237
0.0180761
0.769389
0.681978
1.4593
0.745992
-0.550472
-1.46236
-0.412804
-1.92504
0.759852
0.100952
1.7012
1.21574
-0.376654
-1.94958
1.89997
0.689879
0.628097
0.610313
1.01764
-0.196272
0.288846
1.84218
-1.36477
0.541238
1.2308
-2.06005
-1.62655
-0.0939238
-0.744959
1.49694
0.257517
1.3216
0.502298
0.586837
-0.162335
0.619909
1.36807
0.313998
-1.00696
-0.903521
-0.308937
0.24212
1.22896
0.686919
0.192492
-0.590281
-1.00989
1.42254
-1.95691
-1.21985
-1.03222
0.985072
-1.00049
-0.830965
0.463053
1.0952
-0.952266
-0.298714
0.0971036
1.23079
-0.478979
-0.521481
-2.16437
-1.07842
1.4467
1.04506
-0.50257
-0.796026
1.98032
0.599477
-1.73243
1.1816
-1.58068
-1.05916
-1.24212
-1.1239
0.456361
-1.23407
-0.894518
-1.50574
0.0030864
-0.487897
1.11032
-1.92938
-1.17707
-1.60752
1.69263
0.396921
0.741005
1.27139
0.736419
-1.97974
-1.35768
-0.999588
0.406893
-1.13165
0.610359
1.4345
0.676639
0.872757
0.0899505
0.506908
-1.75189
-0.764809
-0.180463
1.36917
-0.0572521
-0.0841643
0.435707
1.77784
-1.65257
0.834801
-2.1954
0.0128781
-1.65574
-1.51896
-0.787152
1.88128
1.16844
-1.71881
-0.3334
-0.979625
1.51412
-0.218946
0.158208
-0.347428
0.0706687
-1.43448
-0.668932
0.841486
-0.592967
-1.24125
-1.64752
0.540238
-0.121238
0.955763
1.62382
-1.46522
1.59252
0.476568
1.22975
0.632669
1.81444
0.626128
-1.15219
0.439296
1.91494
-1.059
-1.76415
0.953924
-0.517493
2.06517
-1.72669
-0.278559
1.61853
1.14866
-0.644134
-1.60833
1.1447
1.42592
0.931442
-1.21099
-0.447696
-0.352802
-1.5996
-0.823719
-1.49782
-1.7201
-1.62248
1.29299
1.60896
-0.319239
0.638458
0.178044
-0.181753
0.00501278
0.594734
-1.4996
-1.17975
-1.25113
0.907561
-1.69147
1.55261
-0.00342624
0.358126
-1.00442
0.435473
-0.874936
1.6679
-1.49546
1.54919
0.848621
0.371233
-1.48848
0.802562
1.98105
1.35838
-1.52237
1.97829
0.317119
0.765504
-1.52949
1.65081
1.16229
-1.79823
-1.21115
0.129606
0.286039
0.301297
1.04422
-0.5048
-1.38977
-1.25763
0.271159
-0.130459
-1.1576
-0.112069
1.00649
1.45809
0.558253
1.3014
-1.09009
-1.18796
1.50312
1.95572
-1.90123
2.00343
1.41097
-0.642624
0.159803
0.848262
-0.383345
0.771326
0.999101
-1.08093
0.81651
0.987727
0.126581
2.08053
-0.750569
-0.496456
-2.906
-1.997
1.87884
-2.00653
1.46699
-0.865049
0.176023
1.54344
0.50007
0.0229853
2.11987
-2.18824
1.42267
1.08866
-0.426443
-0.0930458
1.58851
-1.48101
1.16896
-0.756641
0.832017
0.467035
-0.392529
-0.835471
0.788933
-1.61802
-1.92909
0.819537
0.544395
-0.510049
1.70801
1.05474
-1.04326
0.107898
-1.67308
-1.05348
-1.2804
-0.569921
-0.463917
1.61354
1.53211
-1.23747
0.0480137
-1.23501
-0.697383
-1.20214
-1.92383
-0.488437
-1.19827
0.777186
0.732018
1.40728
-1.09161
-1.65589
0.30899
0.217506
0.458133
-1.45366
1.13047
-0.00497107
-0.854297
-0.459868
-0.39035
1.19345
0.492264
-1.36649
-0.587657
-0.968664
-0.11178
1.13819
-0.197482
-0.442998
0.751248
0.656275
1.67408
0.495993
-0.346886
-0.340439
1.68014
0.0671057
-0.284668
-1.62562
0.659302
1.95232
-1.63976
-2.16088
-0.718609
-1.45834
1.85126
-1.45316
0.42736
1.56228
0.939502
1.85706
0.466212
1.8033
0.100122
-0.433154
1.37779
-0.0804635
-1.80728
0.686282
0.303323
1.12227
1.79747
1.67289
0.0747768
-1.64234
-1.13161
-1.58814
1.59286
0.937212
-0.983789
1.90752
0.799272
0.309321
0.160829
1.80112
1.78025
1.28467
0.467129
0.177632
1.63206
-1.08634
-2.03955
-0.508441
1.83066
0.701069
-2.43655
-1.64396
0.0177732
-1.20434
1.94321
1.45432
-1.83128
-1.31232
1.3106
-1.65631
1.05991
-0.0880573
-0.846368
1.15897
-0.703922
1.72411
1.3747
0.190628
0.321979
-0.133839
-1.1451
1.07933
2.2211
0.250633
1.0597
-0.22485
-0.511774
-1.20583
0.989865
0.397994
-0.398859
-0.68756
1.5364
-1.71145
-0.245365
-0.958776
-0.0844453
0.275558
-1.27051
1.47191
2.44829
2.00885
-0.773384
-0.244638
-1.65666
0.407706
-1.84246
-1.33055
-2.64184
1.20165
0.305995
-1.89072
0.620865
-2.20782
1.32031
-1.86033
0.59119
-1.5946
1.31694
1.61861
0.713339
-1.66995
1.1588
-0.566683
-0.522893
-1.10581
0.745112
0.367899
-1.1955
-1.06701
-0.490604
-0.870799
-1.33869
1.54657
0.579705
1.84067
-0.813647
1.36745
0.20707
0.365523
1.38964
-2.07758
-1.27901
-0.998726
2.22323
-0.612545
0.810064
0.144228
-0.158006
-0.914199
1.44788
-0.902049
0.464463
-0.378929
-0.608019
-1.77108
0.868371
0.51931
0.428405
-0.973449
-0.594878
0.730422
-1.37372
-0.885439
0.17104
-0.981543
-0.648693
-2.14949
0.889657
0.375936
-0.378728
-1.80837
1.00713
1.04022
-0.0626403
-1.3008
1.05962
-0.135379
-0.224306
0.933883
-1.72697
1.06952
0.556269
-1.27228
1.70808
-0.91832
-0.0386286
1.1348
1.76545
0.273768
-0.959244
-0.0173164
0.212235
1.54677
0.325143
0.0794634
-0.712269
-0.763004
-1.80917
-1.13189
-0.0701552
-0.1052
1.25503
-0.195468
-0.570897
0.498608
0.936813
0.298327
-1.02241
1.13531
-1.01511
0.88088
-0.787631
-0.470522
2.49368
-0.923131
1.29153
-0.144896
1.62465
0.851982
-0.738738
-2.58946
0.738208
0.476771
-0.754143
0.112044
-0.290125
-0.57491
-0.562791
-1.42718
-0.779113
0.932026
-1.17172
-0.802159
1.30134
-2.08171
0.804963
-0.713624
1.12176
0.102198
0.0161012
-1.67672
-2.42094
-0.17132
-1.39933
1.78975
-0.304319
-1.29456
1.2165
0.832547
-0.814812
2.1341
-0.730861
1.3509
-0.528365
-0.308688
-0.510255
1.23192
-1.63339
0.70588
-0.742228
0.972941
-0.657401
1.20157
0.419324
0.144171
1.66219
0.176278
-0.388072
0.346351
-0.0708447
-1.57146
-0.832952
0.905607
-0.444336
-0.54517
-0.375947
-2.0971
1.70254
2.11496
0.35616
-0.159689
0.466339
0.704464
-1.1789
-1.71045
-0.440628
-2.77266
1.70347
2.02606
1.92945
0.188322
-0.0467849
-1.44755
-1.59214
0.321445
0.115061
0.235952
0.379982
-0.0131544
0.41862
1.84739
-0.497933
1.01868
0.407058
-1.46248
1.05884
-0.378674
0.367685
0.323568
0.133676
-0.62821
2.35271
-0.903077
-1.56389
0.176268
2.08209
-2.12915
-2.18973
-1.59744
-0.610514
1.89771
0.0690862
1.49016
-1.70027
-1.47508
0.118132
0.289111
-2.39828
2.04449
-1.45265
0.0378017
-1.38583
0.615586
0.664072
-0.986744
1.22933
-2.13022
-0.742892
-1.90447
-0.865584
-1.92115
1.09465
0.950069
-0.198313
-1.71868
0.81868
0.584818
0.641615
0.146045
-0.0872915
0.167129
-1.33042
-1.47681
0.738353
-1.69012
-0.66714
-1.75495
-0.0920705
-2.24269
-0.0189811
1.07788
0.777355
-1.16562
-0.321499
0.911286
1.95609
-0.604466
-0.66558
0.888705
1.04055
1.10158
0.63386
1.3314
1.76389
1.15894
-0.442304
-1.76464
-0.825043
-0.205324
1.11638
0.621693
-1.65685
1.60438
1.27257
-2.07485
-0.0389688
-1.27242
-0.344234
1.70883
2.02103
1.25438
-2.74846
0.997481
0.50625
0.982226
-1.6108
2.46586
0.569179
-1.7945
-1.13723
-0.98767
0.976855
-1.04823
1.73271
-1.55163
1.36126
0.711699
0.073602
0.519706
-0.0386194
-0.868221
0.948912
-1.63177
-0.0825136
-0.461762
0.457733
-0.996634
-1.7757
-0.558903
-1.09849
0.979524
-1.79773
-0.752948
0.746262
-1.9838
-0.400634
-1.18516
0.132079
0.107421
1.77197
0.948777
-0.673646
2.21335
0.569072
-1.99731
-1.24968
-0.0863734
-1.68423
1.1897
-0.128565
0.7885
-1.54889
2.28407
-1.2631
-0.619248
-0.516147
-0.757696
1.36717
-0.241292
-1.5566
-1.17761
0.776858
-2.21437
-0.455234
-1.70074
1.30739
-0.401463
-1.57225
1.99176
-2.25305
1.0349
-0.489364
-2.09864
1.24097
0.990093
-0.867236
-1.25471
1.65057
-0.983011
-0.223995
0.937997
-1.47671
0.932904
-1.97738
-0.517779
-0.97276
-0.474231
-0.0384498
1.91435
0.386569
-0.457968
-1.31751
-0.0985459
-2.10562
0.0469025
-2.32224
-0.241648
-1.19165
-0.683653
1.32707
0.45253
-1.26043
1.89889
0.222811
-0.335556
0.232992
-1.5121
1.90845
-1.09184
1.67296
2.22619
0.521263
3.03636
1.38478
0.352917
-1.98623
1.55065
-1.71989
0.997446
-0.513838
-1.34764
0.545381
1.17527
1.96153
-0.492953
0.389106
0.908957
0.34821
-0.0858334
2.08055
-0.934427
-0.0929785
-1.03745
1.40948
-1.69695
-0.760984
-0.12911
-1.46688
-0.0861096
-0.588517
0.527139
-0.0798675
-1.15657
-1.1785
-0.0577741
0.840708
1.17972
0.168874
1.88612
-1.03242
-2.08965
0.627389
-1.49942
-1.78271
-1.27041
-0.0964556
0.100143
0.121598
-1.22548
0.519176
1.44078
-2.1094
-0.858256
1.37893
-2.61381
1.46945
-0.959723
1.97687
-0.585882
-0.344971
0.0915753
-0.1816
1.30933
-0.424574
-0.406008
0.0377248
-1.01265
1.28531
1.37579
-0.448572
0.252987
1.06875
0.747693
0.402803
0.941647
0.769425
-0.993975
-0.72243
-0.144442
2.14851
-1.40754
1.05639
0.577555
0.980719
-1.23804
-0.541866
0.332433
-1.87185
1.02388
-2.44552
1.29406
-0.346984
-0.878039
-1.68443
0.118374
1.33812
1.03521
-0.224276
0.203263
0.0208287
0.0564494
-0.0762909
0.0205447
0.351185
0.157629
-0.496055
-0.27809
0.271909
0.00636849
-0.2841
0.325715
-0.0421668
0.303174
-0.305361
0.0038483
-0.080128
0.0763996
0.00350022
0.117194
-0.102306
-0.0149564
-0.147998
0.133987
0.0141455
0.109302
-0.0939559
-0.0152961
-0.862656
-0.297048
0.866015
0.384822
-0.359424
-0.0242547
-0.19858
-0.310162
0.505128
0.200392
-0.155357
-0.0426236
0.304677
-0.283393
-0.0204044
-0.264924
0.307699
-0.0434872
0.2605
-0.289608
0.029084
0.185207
-0.178147
-0.00693905
-0.423217
1.06447
1.26506
-0.213802
0.183139
0.0309623
-1.23516
-0.617449
0.635351
